%%MatrixMarket matrix coordinate real general
196 196 390
1 1 1
20 2 -0.85
2 2 1
3 3 1
4 4 1
20 5 -0.85
5 5 1
6 6 1
20 7 -0.425
7 7 1
28 8 -0.425
8 8 1
20 9 -0.425
9 9 1
10 10 1
11 11 1
12 12 1
13 13 1
14 14 1
15 15 1
16 16 1
17 17 1
18 18 1
19 19 1
20 20 1
21 21 1
16 22 -0.17
23 22 -0.17
10 22 -0.17
22 22 1
1 23 -0.28333333
19 23 -0.28333333
23 23 1
35 24 -0.85
24 24 1
25 25 1
26 26 1
26 27 -0.425
27 27 1
28 28 1
29 29 1
30 30 1
29 31 -0.425
31 31 1
32 32 1
33 33 1
31 34 -0.85
34 34 1
26 35 -0.425
35 35 1
35 36 -0.85
36 36 1
40 37 -0.85
37 37 1
38 38 1
39 39 1
40 40 1
40 41 -0.85
41 41 1
44 42 -0.85
42 42 1
43 43 1
44 44 1
45 45 1
46 46 1
47 47 1
48 48 1
49 49 1
44 50 -0.07727273
50 50 1
51 51 1
48 52 -0.07083333
66 52 -0.07083333
67 52 -0.07083333
52 52 1
53 53 1
54 54 1
55 55 1
56 56 1
57 57 1
58 58 1
59 59 1
60 60 1
66 61 -0.07083333
67 61 -0.07083333
61 61 1
50 62 -0.85
62 62 1
63 63 1
64 64 1
65 65 1
66 66 1
67 67 1
68 68 1
69 69 1
151 70 -0.85
70 70 1
71 71 1
69 72 -0.425
72 72 1
45 73 -0.10625
62 73 -0.10625
23 73 -0.10625
5 73 -0.10625
177 73 -0.10625
7 73 -0.10625
18 73 -0.10625
73 73 1
4 74 -0.085
23 74 -0.085
32 74 -0.085
34 74 -0.085
39 74 -0.085
18 74 -0.085
176 74 -0.085
74 74 1
18 75 -0.425
23 75 -0.425
75 75 1
45 76 -0.425
62 76 -0.425
76 76 1
8 77 -0.04047619
23 77 -0.04047619
96 77 -0.04047619
42 77 -0.04047619
29 77 -0.04047619
46 77 -0.04047619
45 77 -0.04047619
62 77 -0.04047619
77 77 1
62 78 -0.28333333
45 78 -0.28333333
46 78 -0.28333333
78 78 1
45 79 -0.12142857
62 79 -0.12142857
23 79 -0.12142857
14 79 -0.12142857
12 79 -0.12142857
15 79 -0.12142857
13 79 -0.12142857
79 79 1
45 80 -0.12142857
62 80 -0.12142857
23 80 -0.12142857
16 80 -0.12142857
10 80 -0.12142857
17 80 -0.12142857
11 80 -0.12142857
80 80 1
62 81 -0.17
57 81 -0.17
59 81 -0.17
58 81 -0.17
60 81 -0.17
81 81 1
62 82 -0.17
55 82 -0.17
53 82 -0.17
56 82 -0.17
54 82 -0.17
82 82 1
32 83 -0.17
34 83 -0.17
33 83 -0.17
39 83 -0.17
176 83 -0.17
83 83 1
9 84 -0.17
23 84 -0.17
32 84 -0.17
34 84 -0.17
84 84 1
45 85 -0.10625
62 85 -0.10625
4 85 -0.10625
23 85 -0.10625
39 85 -0.10625
9 85 -0.10625
85 85 1
96 86 -0.28333333
62 86 -0.28333333
49 86 -0.28333333
86 86 1
167 87 -0.85
87 87 1
18 88 -0.2125
23 88 -0.2125
94 88 -0.2125
19 88 -0.2125
88 88 1
160 89 -0.425
90 89 -0.425
89 89 1
90 90 1
68 91 -0.17
66 91 -0.17
160 91 -0.17
93 91 -0.17
92 91 -0.17
91 91 1
160 92 -0.85
92 92 1
93 93 1
156 94 -0.425
94 94 1
39 95 -0.14166667
158 95 -0.14166667
159 95 -0.14166667
168 95 -0.14166667
95 95 1
96 96 1
97 97 1
98 98 1
176 99 -0.85
99 99 1
88 100 -0.425
100 100 1
176 101 -0.85
101 101 1
88 102 -0.425
102 102 1
89 103 -0.85
103 103 1
91 104 -0.85
104 104 1
105 105 1
159 106 -0.85
106 106 1
22 107 -0.07727273
16 107 -0.07727273
23 107 -0.07727273
10 107 -0.07727273
108 107 -0.07727273
18 107 -0.07727273
19 107 -0.07727273
36 107 -0.07727273
192 107 -0.07727273
107 107 1
39 108 -0.85
108 108 1
18 109 -0.10625
23 109 -0.10625
89 109 -0.10625
16 109 -0.10625
10 109 -0.10625
12 109 -0.10625
14 109 -0.10625
109 109 1
23 110 -0.05666667
89 110 -0.05666667
18 110 -0.05666667
30 110 -0.05666667
34 110 -0.05666667
16 110 -0.05666667
10 110 -0.05666667
12 110 -0.05666667
14 110 -0.05666667
110 110 1
62 111 -0.2125
52 111 -0.2125
164 111 -0.2125
61 111 -0.2125
111 111 1
30 112 -0.28333333
34 112 -0.28333333
112 112 1
113 113 1
114 114 1
115 115 1
116 116 1
95 117 -0.085
175 117 -0.085
23 117 -0.085
168 117 -0.085
117 117 1
118 118 1
44 119 -0.2125
64 119 -0.2125
63 119 -0.2125
29 119 -0.2125
119 119 1
120 120 1
96 121 -0.85
121 121 1
97 122 -0.85
122 122 1
27 123 -0.85
123 123 1
124 124 1
125 125 1
149 126 -0.425
28 126 -0.425
126 126 1
23 127 -0.17
173 127 -0.17
141 127 -0.17
18 127 -0.17
127 127 1
23 128 -0.425
128 128 1
129 129 1
23 130 -0.10625
130 130 1
39 131 -0.425
28 131 -0.425
131 131 1
44 132 -0.85
132 132 1
133 133 1
134 134 1
135 135 1
130 136 -0.2125
132 136 -0.2125
131 136 -0.2125
136 136 1
137 137 1
138 138 1
39 139 -0.85
139 139 1
39 140 -0.28333333
29 140 -0.28333333
140 140 1
141 141 1
142 142 1
143 143 1
147 144 -0.85
144 144 1
145 145 1
144 146 -0.85
146 146 1
154 147 -0.17
157 147 -0.17
153 147 -0.17
173 147 -0.17
161 147 -0.17
147 147 1
148 148 1
146 149 -0.85
149 149 1
39 150 -0.85
150 150 1
135 151 -0.425
151 151 1
152 152 1
153 153 1
154 154 1
155 155 1
156 156 1
157 157 1
158 158 1
159 159 1
160 160 1
161 161 1
162 162 1
163 163 1
164 164 1
165 165 1
166 166 1
167 167 1
168 168 1
169 169 1
170 170 1
171 171 1
172 172 1
173 173 1
174 174 1
175 175 1
176 176 1
177 177 1
178 178 1
179 179 1
180 180 1
181 181 1
182 182 1
183 183 1
184 184 1
185 185 1
186 186 1
187 187 1
188 188 1
189 189 1
190 190 1
191 191 1
192 192 1
193 193 1
194 194 1
195 195 1
196 196 1
