0.311547
0.15
0.15
0.178687
0.165937
0.15
0.165937
0.156071
0.191437
0.231713
0.168214
0.192652
0.168214
0.192652
0.168214
0.231713
0.168214
0.362935
0.382107
0.570431
0.15
0.161591
0.570167
0.15
0.15
0.44425
0.2775
0.357377
0.389837
0.201
0.375037
0.21375
0.1755
0.26475
0.414852
0.161591
0.15
0.15
0.739393
0.405
0.15
0.156071
0.15
0.510671
0.330625
0.198571
0.15
0.162883
0.1925
0.5376
0.15
0.181875
0.1755
0.1755
0.1755
0.1755
0.1755
0.1755
0.1755
0.1755
0.181875
0.456
0.181875
0.181875
0.15
0.222941
0.175766
0.197175
0.21375
0.15
0.15
0.15
0.15
0.15
0.15
0.15
0.15
0.15
0.15
0.15
0.15
0.15
0.15
0.15
0.15
0.15
0.15
0.2775
0.301938
0.278323
0.2775
0.197175
0.197175
0.208969
0.16275
0.326071
0.2775
0.15
0.15
0.15
0.15
0.15
0.15
0.15
0.15
0.15
0.15
0.161591
0.15
0.15
0.15
0.15
0.15
0.15
0.15
0.15
0.15
0.15
0.15
0.15
0.15
0.15
0.15
0.15
0.15
0.15
0.15
0.15
0.15
0.181875
0.181875
0.181875
0.15
0.15
0.267937
0.15
0.15
0.15
0.15
0.15
0.1755
0.15
0.15
0.431934
0.15
0.331688
0.517144
0.15
0.21375
0.15
0.2775
0.15
0.237915
0.237915
0.15
0.238812
0.237915
0.173056
0.300556
0.493097
0.237915
0.15
0.15
0.181875
0.15
0.15
0.2775
0.185806
0.15
0.15
0.15
0.15
0.263415
0.15
0.16275
0.44325
0.165937
0.15
0.15
0.15
0.15
0.15
0.15
0.15
0.15
0.15
0.15
0.15
0.15
0.15
0.15
0.161591
0.15
0.15
0.15
0.15
